153.54
142.89
164.20
103.55
162.91
192.43
152.00
122.36
155.19
142.74
143.30
183.55
191.81
183.40
199.71
185.06
163.48
111.61
106.78
154.58
129.46
184.98
147.00
149.61
134.56
116.32
185.99
145.75
115.72
174.41
116.11
111.40
182.00
161.74
100.30
163.56
101.81
150.61
185.87
148.39
159.66
172.12
112.23
193.01
150.74
169.41
120.00
130.28
166.45
145.82
179.69
107.17
186.37
161.65
197.25
149.06
132.87
158.84
121.31
167.22
163.62
122.18
172.14
165.03
174.02
117.49
135.90
119.26
156.77
182.62
119.65
187.46
118.95
185.64
141.98
119.79
188.47
105.68
142.40
133.99
151.02
136.97
128.47
146.38
146.44
164.12
143.83
137.96
119.04
107.51
132.58
175.18
160.25
192.03
196.00
197.75
104.01
148.93
185.81
131.92
135.43
121.48
155.35
187.40
151.22
107.98
194.16
148.06
167.24
142.36
105.10
172.43
102.39
182.44
143.53
178.67
181.20
148.24
127.68
100.23
187.76
128.99
146.38
163.83
172.83
156.34
135.81
159.00
162.73
123.36
170.54
139.93
143.73
114.26
115.62
124.49
198.99
198.17
116.38
132.82
156.34
131.54
160.53
138.57
164.72
108.89
133.13
189.18
154.64
198.79
199.12
188.91
153.82
103.24
190.54
127.92
122.99
182.49
145.77
183.76
148.75
194.44
146.86
118.19
180.51
108.09
127.48
141.04
126.90
163.78
179.06
115.67
133.07
169.56
165.28
135.99
145.14
142.73
166.43
113.71
130.35
128.02
114.00
176.28
162.40
150.21
143.51
191.03
100.15
187.60
188.62
198.92
184.99
185.16
163.36
162.63
157.15
161.22
130.95
108.05
144.46
100.06
137.23
165.48
108.55
164.29
195.06
197.73
142.73
105.49
141.60
135.69
103.65
199.19
154.95
128.91
124.29
181.49
108.64
158.77
199.87
118.35
163.00
154.62
160.23
195.72
141.04
199.67
142.20
179.04
112.78
112.72
153.83
154.11
117.39
144.13
178.66
127.42
184.62
130.13
102.58
134.26
178.86
108.14
158.73
175.08
177.53
107.81
176.18
176.98
113.49
197.00
187.27
155.76
156.01
180.61
195.57
136.41
178.85
120.69
130.99
175.13
165.16
171.13
122.53
114.03
129.26
197.26
199.86
191.71
192.71
181.66
194.71
127.05
138.53
100.68
150.74
191.58
181.44
193.49
165.87
186.54
134.18
135.04
185.41
144.92
120.55
167.58
135.99
185.60
184.26
141.52
140.28
157.28
169.35
165.77
181.21
123.10
102.67
169.95
190.11
153.33
192.00
136.81
118.16
113.27
164.13
171.46
112.96
156.15
106.71
136.11
162.56
156.65
144.69
193.92
188.63
149.88
177.81
173.50
166.81
172.58
128.85
186.88
127.90
138.55
104.42
108.19
146.43
118.91
149.33
147.48
154.74
139.10
184.07
134.91
129.93
149.09
150.44
164.14
188.89
171.42
154.87
130.49
192.09
182.05
191.17
139.59
100.95
133.32
144.70
155.01
155.23
185.48
128.86
199.88
137.34
173.25
180.93
126.56
168.38
197.56
149.64
121.01
137.32
198.79
139.28
113.96
199.02
137.84
136.53
129.89
189.43
183.70
135.18
116.31
197.20
182.47
191.24
161.13
199.45
161.43
186.30
123.71
116.79
104.22
150.73
176.48
167.40
118.07
199.64
178.30
103.64
102.78
164.56
178.36
195.55
122.44
161.78
179.53
185.40
175.48
123.89
174.34
174.96
156.50
135.80
103.11
122.76
104.19
158.35
174.00
122.67
133.64
193.29
127.58
106.91
158.39
141.73
124.96
166.84
117.99
135.14
187.64
112.96
140.10
172.36
119.67
102.12
182.58
179.39
198.54
144.06
120.96
119.42
129.55
162.50
169.10
119.95
120.47
126.06
146.80
151.08
148.23
183.94
137.41
184.40
157.23
137.39
110.14
185.46
150.43
153.97
117.45
144.61
108.25
183.98
116.04
130.47
198.18
170.60
101.54
158.60
118.18
153.99
191.64
103.58
151.01
157.82
140.04
147.18
193.06
112.05
114.78
147.43
161.67
109.79
128.04
133.83
177.35
117.90
162.14
182.45
164.23
161.29
196.26
101.48
110.84
179.01
102.24
162.31
185.92
106.35
143.79
144.46
109.71
172.16
183.70
123.38
139.56
112.57
175.71
119.48
140.75
193.58
194.20
144.17
178.21
103.35
133.44
123.74
182.98
122.48
190.45
155.74
118.47
105.16
130.74
154.12
195.70
107.75
124.61
169.07
164.41
182.34
133.13
125.57
137.30
112.56
117.57
110.50
188.44
106.44
143.83
152.52
103.71
176.66
154.39
181.14
150.98
132.67
183.92
121.64
180.91
181.07
102.46
181.41
165.48
180.36
179.68
109.55
130.40
125.10
177.55
166.57
140.46
140.06
195.05
123.97
151.92
150.21
108.30
124.32
155.18
154.25
172.04
171.83
192.50
170.72
174.56
190.55
150.59
144.16
166.95
182.85
196.00
195.99
119.77
144.17
142.26
179.78
195.41
142.10
112.29
153.84
163.02
147.03
186.81
115.41
123.98
110.12
110.16
150.10
161.03
120.03
158.63
138.08
171.38
133.98
163.17
123.88
195.50
171.36
118.36
100.92
106.99
177.94
102.52
183.45
186.11
117.92
179.98
138.99
159.83
127.13
156.14
132.47
154.77
165.91
107.89
189.57
175.59
142.83
118.08
121.29
191.34
141.63
100.90
164.43
184.86
172.79
117.37
183.17
196.21
188.50
144.53
146.17
170.24
145.20
180.52
140.07
100.27
171.32
138.46
105.93
145.45
199.72
106.74
187.88
187.50
153.75
130.55
164.85
184.06
134.20
100.05
195.83
170.69
140.08
114.36
146.33
160.98
170.51
127.44
179.81
195.59
197.28
171.49
191.56
194.44
168.02
197.18
134.35
173.99
198.35
165.60
135.52
101.42
138.32
176.50
133.16
170.96
152.92
119.78
165.63
104.38
139.55
192.63
132.81
196.81
116.28
133.61
110.46
152.30
153.99
186.49
139.43
179.08
192.65
121.97
130.61
143.65
177.40
113.14
123.20
114.88
173.89
181.92
109.23
164.54
173.52
108.04
190.33
129.18
179.53
119.39
164.17
179.64
172.39
163.38
147.34
189.17
189.21
192.40
129.29
138.91
115.94
183.53
117.38
150.30
183.52
152.33
177.09
188.04
179.34
113.83
193.46
134.31
134.26
189.95
179.82
195.35
121.65
161.76
138.11
164.58
110.14
117.80
131.53
133.27
144.33
154.72
164.57
109.29
188.94
145.69
178.23
177.02
161.04
103.55
158.94
107.77
192.10
130.73
128.33
108.66
107.30
165.89
128.34
180.35
182.82
108.76
140.85
139.13
143.56
128.50
184.65
147.15
193.68
138.72
113.46
186.40
130.05
152.79
198.69
106.24
174.75
116.55
117.71
172.49
177.17
152.61
184.57
146.52
178.20
140.35
153.68
127.26
199.65
198.42
199.00
195.66
120.50
133.44
121.42
111.91
128.22
167.08
165.30
128.62
188.19
156.89
131.24
100.08
157.22
181.29
156.94
187.01
178.15
168.16
100.34
179.31
131.62
107.96
100.20
184.75
188.56
107.65
107.84
161.03
102.10
109.42
181.00
100.41
101.42
119.53
105.70
111.58
101.51
166.93
165.38
181.62
122.66
138.77
107.59
142.60
121.44
120.32
168.59
111.93
170.95
100.80
103.04
123.24
192.24
193.09
132.45
115.53
131.15
155.56
169.25
102.42
195.14
197.06
195.83
100.18
113.38
192.51
177.64
153.85
159.82
135.68
167.88
163.79
183.86
108.32
117.52
181.76
126.20
150.24
138.97
115.06
158.37
173.79
184.18
150.22
173.67
177.91
188.92
183.41
174.48
181.72
103.49
123.90
146.48
116.08
177.41
118.87
183.50
182.29
190.53
133.32
128.81
111.75
126.28
107.03
128.16
137.67
164.25
102.17
147.82
120.49
128.46
149.63
197.06
152.49
165.66
100.00
108.48
103.77
143.39
186.13
171.96
161.70
151.62
107.79
188.53
159.12
163.60
156.64
108.74
182.66
161.68
109.51
147.06
101.96
162.27
131.56
118.30
162.88
180.04
147.51
125.36
143.48
156.50
158.42
138.19
180.24
140.08
104.66
143.43
133.59
146.12
101.24
111.16
177.21
143.59
100.98
120.76
163.06
112.66
172.78
111.49
135.77
192.04
117.90
174.77
144.10
188.49
185.18
185.27
124.62
152.13
187.85
175.60
113.43
130.61
169.22
195.50
175.37
102.89
112.08
160.62
126.96
159.09
137.77
188.15
169.34
136.61
194.75
137.22
140.39
144.83
193.63
120.11
141.62
110.79
105.97
127.47
194.58
